0 RELAY 1 (A-15)
1   503U 62068A   24189.23669332 -.00000033  00000-0  00000+0 0  9994
2   503  47.5044 253.3666 2846489  77.8555 340.2340  7.78154674750459
0 TELSTAR 2 (A-41)
1 00573U 63013A   24187.82826466 -.00000081  00000-0 -48277-3 0  9994
2 00573  42.7744  15.2826 4007342   4.8868   4.4053  6.39269835540650
0 VELA 2
1 00674U 63039A   24185.52623183 -.00000149  00000-0  00000-0 0  9993
2 00674  45.5203 118.1679 3594807  85.7601   0.0468  0.22201179  7799
0 VELA 1
1 00692U 63039C   24189.77072513 -.00001176  00000-0  00000-0 0  9990
2 00692  18.3468  35.9449 5953013 214.4381   0.1375  0.22154962 11607
0 RELAY 2
1 00737U 64003A   24188.74756232 -.00000012  00000-0  00000-0 0  9993
2 00737  46.4698  65.4306 2596813 304.6803  33.5301  7.39541442633532
0 ELEKTRON 1
1 00746U 64006A   24188.92800756  .00002841  00000-0  72020-3 0  9992
2 00746  60.8726  69.6589 3019625  45.6198 335.5558  9.07479862  2648
0 ELEKTRON 3
1 00829U 64038A   24188.89755636  .00001505  00000-0  42209-3 0  9993
2 00829  60.8051 102.6744 2954974 158.9522 216.4278  9.18133598950086
0 OPS 3662 (VELA 3)
1 00836U 64040A   24192.56883728  .00000344  00000-0  00000-0 0  9997
2 00836  48.6703 133.1149 4902428 304.8174   0.4901  0.23916668  9302
0 OPS 3674 (VELA 4)
1 00837U 64040B   24187.44034482  .00000112  00000-0  00000-0 0  9997
2 00837  48.2551 137.1091 3601090 267.5592   0.0543  0.23995649 53010
0 LES 2
1 01360U 65034B   24186.97877014 -.00000034  00000-0  00000-0 0  9990
2 01360  32.1402  73.1547 3966926 145.9059 247.4477  4.64826078  4740
0 OPS 6577 (VELA 5)
1 01458U 65058A   24193.28570614 -.00001385  00000-0  00000-0 0  9992
2 01458  23.1971  21.9700 4899486 291.5192 356.6988  0.21321280 10543
0 OPS 6564 (VELA 6)
1 01459U 65058B   24190.67307789 -.00001297  00000-0  00000-0 0  9996
2 01459  41.0260  19.0781 4640696  62.1878   0.6551  0.21412718  7748
0 INTELSAT 2-F1
1 02514U 66096A   24187.17142580  .00000273  00000-0  00000-0 0  9991
2 02514  16.6764 191.0987 6409940 291.9357  13.8144  2.00457617 80536
0 OPS 6638 (VELA 7)
1 02765U 67040A   24191.21787369 -.00001435  00000-0  00000-0 0  9991
2 02765  37.2403  25.7751 4714903 260.7106 358.0572  0.21499723 11984
0 OPS 6679 (VELA 8)
1 02766U 67040B   24192.49595433 -.00001457  00000-0  00000-0 0  9996
2 02766  32.6272  19.4563 4614677  90.4000 358.8139  0.21294525  3999
0 OV1-13
1 03173U 68026A   24188.90841137  .00000076  00000-0  12351-3 0  9990
2 03173  99.9316 164.8363 3838110 138.7657 257.7675  7.25546575486671
0 OV1-14
1 03174U 68026B   24188.79927534  .00000049  00000-0  97217-4 0  9999
2 03174 100.0137 143.5676 3982075 109.0508 323.6471  6.96497891426847
0 OV1-19
1 03825U 69025C   24188.70503075  .00000972  00000-0  46805-3 0  9994
2 03825 104.7643 102.5877 2687116  49.7809 330.9117  9.57189893917205
0 COSMOS 520
1  6192U 72072A   24188.58107413  .00000060  00000-0  00000+0 0  9993
2  6192  71.8820 251.2847 4623230 206.4971  81.9352  2.01326533380862
0 OPS 7724
1 06791U 73056A   24188.87977435  .00000155  00000-0 -10905-1 0  9995
2 06791  62.0322 127.6195 7107768 273.6497  14.8681  2.00674084 35361
0 COSMOS 606
1 06916U 73084A   24187.30526966  .00000131  00000-0  00000-0 0  9998
2 06916  72.0489  98.8704 5259493 148.0119   5.9152  2.00332094371186
0 MOLNIYA 2-9
1 07276U 74026A   24187.89549575  .00000071  00000-0  00000-0 0  9993
2 07276  64.2924 125.8407 6448286 270.7757  21.2986  2.45097948267585
0 MOLNIYA 2-10
1 07376U 74056A   24165.82282291  .00000780  00000-0  00000-0 0  9992
2 07376  65.1685  17.2177 6846350 279.3429  14.8914  2.01075943364987
0 COSMOS 706
1 07625U 75007A   24188.78096599  .00000771  00000-0  00000-0 0  9990
2 07625  63.9491 227.5215 6719110   3.4020 359.6913  2.00438252222189
0 MOLNIYA 1-29
1  7780U 75036A   24188.90801986  .00000135  00000-0 -51099-1 0  9992
2  7780  63.4740 137.5012 6711577 283.7728  14.5077  2.00580816360708
0 MOLNIYA 2-14
1 08195U 75081A   24187.87038325  .00000189  00000-0  00000-0 0  9990
2 08195  63.6615 110.4385 6710788 288.6640  13.1220  2.02104785358032
0 MOLNIYA 1-32
1 08601U 76006A   24186.42441353 -.00000759  00000-0  00000-0 0  9993
2 08601  63.6526 206.6689 6829887 282.0198  14.2981  2.00067693 67629
0 COSMOS 862
1 09495U 76105A   24187.80650656 -.00000669  00000-0  00000-0 0  9996
2 09495  69.7741  83.0018 6395276 205.7725  99.1738  2.00840632227394
0 MOLNIYA 1-36
1 09880U 77021A   24188.41925819 -.00001029  00000-0  00000-0 0  9997
2 09880  63.5703 181.8808 6756308 286.8672  13.3002  2.00675129244415
0 ESA/GOES
1 09931U 77029A   24187.93532031  .00000193  00000-0  00000-0 0  9998
2 09931  25.9612 171.3662 6672274  96.1415 337.6814  1.96174721337895
0 COSMOS 931
1 10150U 77068A   24188.12268509 -.00000530  00000-0  00000-0 0  9990
2 10150  69.3908  90.8493 5701638 345.1141   3.4538  2.00583018344502
0 MOLNIYA 3-8
1 10455U 77105A   24189.21736652 -.00000004  00000-0  00000+0 0  9995
2 10455  63.6314 253.0952 7052405 282.0131  12.9397  2.00409780342129
0 MOLNIYA 1-40
1 10925U 78055A   24188.34867905 -.00000376  00000-0  00000-0 0  9994
2 10925  63.9125 303.7612 7144740 279.3812  13.0193  2.00523174337729
0 COSMOS 1024
1 10970U 78066A   24189.07771104  .00117076  29626-5  38755-2 0  9997
2 10970  61.9688  62.3905 7460194  47.0050 355.1230  2.09847294337231
0 MOLNIYA 3-10
1 11057U 78095A   24188.79982688 -.00000168  00000-0 -30295-2 0  9991
2 11057  63.2801 129.4051 5650867 314.8221  11.1804  4.09908150414488
0 GORIZONT 1
1 11158U 78118A   24188.49245591 -.00000071  00000-0  00000+0 0  9991
2 11158  11.4853 176.8189 3246942 322.3022  18.5722  1.00250546115795
0 AYAME 1 (ECS 1)
1 11261U 79009A   24188.46477916 -.00000107  00000-0  00000-0 0  9992
2 11261  10.3967 340.9134 3631992  62.4238 147.6092  1.68581838164177
0 COSMOS 1109
1 11417U 79058A   24188.34106034  .00000797  00000-0  00000-0 0  9990
2 11417  70.4797 227.6295 5577449 221.3552  79.2780  2.01388506219529
0 SATCOM 3
1 11635U 79101A   24188.84903478 -.00000147  00000-0  00000-0 0  9993
2 11635   7.7287 151.8076 4848121 332.8082 180.5909  1.82527756211000
0 AYAME 2 (ECS-2)
1 11715U 80018A   24183.77101345 -.00000134  00000-0  00000-0 0  9997
2 11715   8.3635  87.4891 4435743 192.3055 356.5235  1.75494238222473
0 COSMOS 1191
1 11871U 80057A   24187.92558692  .00000328  00000-0  00000-0 0  9999
2 11871  65.6976 137.2076 6659304  28.1677 355.4058  2.01004884229177
0 MOLNIYA 3-13
1 11896U 80063A   24186.61851484 -.00000186  00000-0  00000+0 0  9995
2 11896  63.3597  33.0270 7327356 278.2122  11.8879  2.00575467322155
0 COSMOS 1217
1 12032U 80085A   24186.12976504  .00000039  00000-0  00000+0 0  9995
2 12032  69.9985 212.4877 5589062 266.1538  31.8232  2.01037984268013
0 COSMOS 1223
1 12078U 80095A   24188.53616622  .00000018  00000-0  00000-0 0  9993
2 12078  72.1966  71.3876 4878073 327.5677 262.8532  2.00830446319364
0 KIKU 3 (ETS 4)
1 12295U 81012A   24188.93015965  .00008866  00000-0  17296-2 0  9997
2 12295  28.3915 130.2397 4877937  70.9964 334.4608  5.80817535598826
0 COSMOS 1247
1 12303U 81016A   24188.50150907 -.00000557  00000-0  00000-0 0  9993
2 12303  67.8912  45.9173 6404352 359.2578   0.3020  2.02497833320789
0 COSMOS 1261
1 12376U 81031A   24188.49176577  .00000589  00000-0  00000-0 0  9993
2 12376  68.3995 133.5322 6192016   8.4658 358.2241  2.00846908213206
0 CAT 3
1 12546U 81057C   24188.56768695  .00000698  00000-0  36936-3 0  9997
2 12546  10.1489 140.9599 5665559 236.9303  55.7866  4.47706263383131
0 DYNAMICS EXPLORER 1
1 12624U 81070A   24188.84196592  .00000122  00000-0  43529-3 0  9999
2 12624  90.7498  41.4418 6199383  79.9178 340.6880  3.52720729700098
0 COSMOS 1285
1 12627U 81071A   24188.81589466 -.00000416  00000-0  00000-0 0  9997
2 12627  68.1416 137.5385 6330071   9.4563   1.5201  1.98054634232438
0 COSMOS 1305
1 12818U 81088A   24188.80716680  .00000001  00000-0  16898-3 0  9990
2 12818  62.8443  24.5205 4875844 251.5704  51.0115  5.46136782853956
0 COSMOS 1317
1 12933U 81108A   24189.05196793 -.00000438  00000-0  00000+0 0  9995
2 12933  71.4953 137.7941 5034166 342.5401 227.1103  2.00280869312035
0 CAT 4
1 13011U 81122B   24188.59780396  .00001412  00000-0  35929-3 0  9999
2 13011  10.3169 223.1960 6547949 169.0863 218.6773  3.24511568337572
0 MOLNIYA 1-52
1 13012U 81123A   24188.07644387  .00001472  00000-0  27919-1 0  9997
2 13012  61.5515 174.6858 7163355 264.6790  17.5691  2.00774314311614
0 MOLNIYA 1-53
1 13070U 82015A   24188.80960181 -.00000817  00000-0  23142-2 0  9994
2 13070  62.6579 126.0418 6943856 283.3345  13.1326  2.00409153310317
0 COSMOS 1341
1 13080U 82016A   24187.76932003  .00000644  00000-0  00000-0 0  9995
2 13080  70.2323  39.4590 5997744 333.5886   5.4951  2.00788432220475
0 COSMOS 1348
1 13124U 82029A   24188.91382997 -.00000445  00000-0  00000-0 0  9997
2 13124  71.9887 171.9023 5179324 352.8177   5.6259  2.00293186309167
0 COSMOS 1367
1 13205U 82045A   24188.54081875 -.00000049  00000-0  00000-0 0  9995
2 13205  71.3338  94.4160 5215208 345.0739   4.0969  2.00569042308564
0 COSMOS 1382
1 13295U 82064A   24188.78612595  .00001017  00000-0  00000-0 0  9995
2 13295  62.4968 233.1909 6818641  37.0926 354.6717  2.00473645266306
0 MOLNIYA 3-20
1 13875U 83015A   24186.62215487 -.00001020  00000-0 -64639-2 0  9992
2 13875  62.0608 238.9193 7182440 266.2828  16.8762  2.00756176238729
0 ASTRON
1 13901U 83020A   24189.43592484 -.00000622  00000-0  00000-0 0  9991
2 13901  78.6759  65.1103 5088241  27.9368   0.7666  0.24287418  9423
0 OV2-3
1 13912U 65108V   24188.75952278  .00027153  00000-0  17632-2 0  9993
2 13912  26.5795 111.3057 5368438 336.4757   6.1142  5.07966408533664
0 OSCAR 10
1 14129U 83058B   24187.83974847 -.00000255  00000-0  00000-0 0  9996
2 14129  27.4278 336.1245 6033922 282.3100  19.8282  2.05866253280843
0 COSMOS 1481
1 14182U 83070A   24188.53393738  .00000756  00000-0  00000-0 0  9996
2 14182  71.2942 288.2960 5633529 257.0201  37.5542  2.03569957225638
0 STTW-T1
1 14670U 84008A   24188.86568897  .00002187  00000-0  10130-2 0  9993
2 14670  36.1218 126.7516 2988587   2.8280 358.5725  9.01334667319889
0 COSMOS 1541
1 14790U 84024A   24188.65832713 -.00000455  00000-0  00000-0 0  9992
2 14790  71.8097 176.7635 5350072   1.0675 171.8489  2.00346923267698
0 COSMOS 1547
1 14884U 84033A   24184.23086426  .00000533  00000-0  00000-0 0  9994
2 14884  73.1804   4.5826 5699358 280.5134  23.0770  2.00689163234983
0 COSMOS 1581
1 15095U 84071A   24188.36874312  .00000632  00000-0  00000-0 0  9998
2 15095  66.2415  81.3110 6830944  16.9877 357.7617  1.99721696266271
0 CCE 1 (AMPTE)
1 15199U 84088A   24188.92934524 -.00000102  00000-0  00000-0 0  9998
2 15199   4.8361  22.9354 7643037 185.9310 357.5242  1.53315606189535
0 USA 4
1 15226U 84091A   24188.03387551  .00000992  00000-0  00000-0 0  9993
2 15226  62.7663 152.3048 6423578 283.6257  16.4864  2.00932864 36438
0 COSMOS 1596
1 15267U 84096A   24188.87907624 -.00000643  00000-0  00000-0 0  9998
2 15267  65.8276 192.3176 6378761  34.5593 353.8030  2.00720891291769
0 COSMOS 1604
1 15350U 84107A   24187.79718174  .00000253  00000-0  00000-0 0  9990
2 15350  71.3071  28.9898 5632649 349.1290   2.5866  2.00685070291100
0 MOLNIYA 1-63
1 15429U 84124A   24188.13500675 -.00001314  00000-0  00000-0 0  9990
2 15429  63.6109  87.2789 7051641 256.2079 346.7751  2.00800338289796
0 MOLNIYA 3-24
1 15738U 85040A   24188.44124901  .00000015  00000-0  35214-4 0  9994
2 15738  62.7672 294.7125 6907777 249.7864  27.9119  2.55654682323043
0 COSMOS 1661
1 15827U 85049A   24188.23137954 -.00000659  00000-0  00000-0 0  9997
2 15827  67.8298 147.9031 5423110  78.3084 335.1114  2.00603607286037
0 COSMOS 1675
1 15952U 85071A   24188.91761151  .00000083  00000-0  70844-3 0  9994
2 15952  65.5593 184.8357 6228857 298.5787  13.0665  3.14132354367370
0 COSMOS 1684
1 16064U 85084A   24189.12805873 -.00000585  00000-0  00000+0 0  9998
2 16064  67.2721 117.6950 5033523 111.5632 308.0218  2.00451702284156
0 COSMOS 1687
1 16103U 85088A   24188.48986743  .00000260  00000-0  00000-0 0  9990
2 16103  70.7794  43.6690 5740194   0.8402 228.8647  2.00845981283983
0 COSMOS 1698
1 16183U 85098A   24188.78404606  .00000137  00000-0  00000-0 0  9998
2 16183  71.2065 134.7816 5458943   9.3800 147.7360  2.00677120283488
0 MOLNIYA 3-27
1 16393U 85117A   24186.81990341 -.00000039  00000-0  00000-0 0  9993
2 16393  63.3625 334.7185 7177397 245.7568  27.3183  2.12400418290072
0 COSMOS 1729
1 16527U 86011A   24183.25788604  .00000166  00000-0  00000+0 0  9997
2 16527  70.7620 212.8237 4203154  60.6203  72.2893  2.00644796281501
0 VIKING
1 16614U 86019B   24188.24623103  .00000001  00000-0 -53374-4 0  9994
2 16614  98.7698 128.2649 4696036 257.3802 326.5566  5.50580776771113
0 COSMOS 1761
1 16849U 86050A   24188.53693542  .00000392  00000-0  00000-0 0  9991
2 16849  69.8148  81.4033 5810744  23.2637 104.4227  2.00601529278335
0 MOLNIYA 1-69
1 17078U 86089A   24169.19921634 -.00000930  00000-0  00000+0 0  9993
2 17078  63.8371 110.4433 7028870 252.9103  24.5014  2.00458133275515
0 COSMOS 1806
1 17213U 86098A   24188.29200894  .00000116  00000-0  00000-0 0  9990
2 17213  68.6398 173.5065 4595926  97.5378 314.5620  2.00701005275046
0 MOLNIYA 3-31
1 17328U 87008A   24187.58113414 -.00000441  00000-0 -21756-3 0  9998
2 17328  63.2290  26.2431 7387492 253.4518  20.3016  2.00574159270892
0 USA 21
1 17506U 87015A   24169.22744431  .00001749  00000-0  83851-3 0  9998
2 17506  62.8414   9.1502 7450433 272.7838  12.4945  2.01034580 36092
0 COSMOS 1851
1 18103U 87050A   24189.09156348  .00000123  00000-0  00000+0 0  9998
2 18103  70.8297 211.7898 4306494  59.9725 347.8059  2.00775322271612
0 COSMOS 1903
1 18701U 87105A   24187.91519841  .00000112  00000-0  00000-0 0  9992
2 18701  69.0081 221.5734 4739426 112.9805 302.9456  2.00680963268412
0 COSMOS 1922
1 18881U 88013A   24188.27248130 -.00000227  00000-0  00000-0 0  9998
2 18881  68.8699 112.4974 5589281  60.1499 343.6850  2.00849954266272
0 MOLNIYA 1-71
1 18946U 88017A   24187.55263640  .00000070  00000-0  64811-3 0  9995
2 18946  62.9909  12.9009 7461369 258.2375  17.4125  2.00679347266084
0 USA 31
1 19458U 88077A   24188.35142659  .00000279  00000-0  48389-2 0  9997
2 19458  26.6263 215.0169 7313925 203.4932  89.6398  2.00559973  1049
0 COSMOS 1974
1 19554U 88092A   24187.89858235  .00000143  00000-0  00000+0 0  9998
2 19554  69.9675 209.9088 4342094  84.3926 323.2114  2.00593114261912
0 COSMOS 1977
1 19608U 88096A   24187.60752711  .00000493  00000-0  00000+0 0  9991
2 19608  69.2187 148.3987 5101499  68.3607 101.6467  2.00823225261512
0 MOLNIYA 1-75
1 19807U 89014A   24187.35830543  .00000212  00000-0  00000-0 0  9995
2 19807  63.8384 208.5835 6615731 261.6295  24.1111  2.00570306259010
0 HIPPARCOS
1 20169U 89062B   24188.91222397  .00000017  00000-0  83066-3 0  9995
2 20169   6.6207 236.5110 7179523 159.8189 258.0894  2.26301183253253
0 COSMOS 2050
1 20330U 89091A   24182.79971407  .00000666  00000-0  00000+0 0  9993
2 20330  64.6835 137.9957 6352682 170.2347 213.4471  2.00534952253494
0 COSMOS 2063
1 20536U 90026A   24186.25023900 -.00000114  00000-0  00000-0 0  9992
2 20536  66.7649 211.0793 5871043 142.4468 278.5004  1.99624837249826
0 COSMOS 2076
1 20596U 90040A   24187.96814365 -.00000525  00000-0  00000-0 0  9992
2 20596  68.5924 229.4943 5142560 123.0622 298.6924  2.00395789250493
0 USA 59
1 20641U 90050A   24186.24616639 -.00000005  00000-0  00000-0 0  9991
2 20641  63.3855 126.2570 4054086 265.6568  48.3357  6.02577847  3372
0 COSMOS 2087
1 20707U 90064A   24183.82967014  .00000525  00000-0  00000-0 0  9992
2 20707  67.7112 231.1359 5815483  43.0469 350.1416  2.00538812248470
0 CRRES
1 20712U 90065A   24188.55750808  .00000418  00000-0  65652-3 0  9993
2 20712  17.6538 249.5827 7091156  75.2259 348.1067  2.48308770291976
0 MOLNIYA 1-80
1 21118U 91012A   24185.07500473  .00000220  00000-0  00000-0 0  9996
2 21118  65.0089 257.1077 6486101 267.4693  22.5609  2.05236471246304
0 MOLNIYA 3-40
1 21196U 91022A   24188.55183487 -.00000289  00000-0  00000+0 0  9996
2 21196  64.8198 250.8948 6518141 264.6306  23.6208  2.03002155244881
0 MOLNIYA 1-81
1 21426U 91043A   24187.73114978  .00000130  00000-0  00000+0 0  9997
2 21426  63.5539 253.8312 6855453 263.0919  21.1616  2.00592220242173
0 MOLNIYA 3-41
1 21706U 91065A   24186.12887271 -.00001348  00000-0  00000+0 0  9990
2 21706  63.8571  73.2396 7258694 251.1277  22.8872  2.04354064242201
0 USA 72
1 21775U 91076A   24187.33456387  .00000007  00000-0  00000-0 0  9993
2 21775  63.3424 143.4294 3343257 272.1653  50.6680  5.53396462  3164
0 STTW-5
1 21833U 91088A   24187.10292772 -.00000018  00000-0  00000-0 0  9995
2 21833  31.4434 239.2670 6524770 302.5229  10.6585  2.27645152343022
0 GEOTAIL
1 22049U 92044A   24190.82532173 -.00001505  00000-0  00000-0 0  9995
2 22049  47.4361  20.5794 5406823 240.1704 359.9633  0.19246944 14403
0 MOLNIYA 3-42
1 22178U 92067A   24186.40420593  .00000062  00000-0  00000-0 0  9990
2 22178  64.6645 135.9496 6614385 255.0493  27.8227  2.20434931 96541
0 COSMOS 2232
1 22321U 93006A   24189.16648632  .00000705  00000-0  00000+0 0  9999
2 22321  67.2957 223.8689 5824642 138.6928 284.4597  2.00538813230345
0 ARASENE
1 22654U 93031B   24188.43114377 -.00000126  00000-0  00000-0 0  9998
2 22654   4.0973  68.2251 2817905 287.2841 319.0803  1.42203605157316
0 MOLNIYA 1-86
1 22671U 93035A   24188.86394156  .00000946  00000-0  81251-3 0  9992
2 22671  63.0219 159.1408 4895389  19.2508 354.1317  5.63378009394540
0 MOLNIYA 1-87
1 22949U 93079A   24181.90423013 -.00001029  00000-0  00000-0 0  9995
2 22949  64.9174   4.6472 6974104 277.9628  14.4175  2.02855019 90018
0 VEP
1 22979U 94007B   24188.35675897  .00000062  00000-0  40206-3 0  9995
2 22979  28.5764 267.3103 7232956 254.4816  21.4883  2.25782258250238
0 SJ-4
1 22996U 94010A   24189.17697367  .00000594  00000-0  36161-3 0  9990
2 22996  28.9674 147.7150 5569460   7.3439 358.1755  4.63288730414455
0 STRV 1A
1 23125U 94034B   24188.55090344  .00001243  00000-0  46531-3 0  9998
2 23125   7.5853   0.0872 6461971   8.4593 358.5769  3.35266918310047
0 COSMOS 2286
1 23194U 94048A   24188.31618697 -.00000695  00000-0  00000-0 0  9999
2 23194  66.9810 191.9690 5842842 134.1123 292.1163  2.00722716219210
0 ETS 6
1 23230U 94056A   24188.88175528 -.00000106  00000-0  00000+0 0  9998
2 23230  13.8666 296.3933 4997597  74.2645  46.5212  1.67087555182369
0 MOLNIYA 1-88
1 23420U 94081A   24187.08428085 -.00000095  00000-0  00000-0 0  9995
2 23420  64.4389  28.2431 5903060 269.5907  26.7335  3.34492510138748
0 MOLNIYA 3-47
1 23642U 95042A   24188.45033700 -.00001091  00000-0  00000-0 0  9994
2 23642  64.9844 345.8841 6951925 277.9256  14.6330  2.01979765212167
0 ISO
1 23715U 95062A   24187.92764440 -.00000050  00000-0  13087-1 0  9994
2 23715   5.3332 338.4915 8299052 217.6366  38.4966  1.02078593106418
0 POLAR
1 23802U 96013A   24185.84112491  .00000241  00000-0  00000+0 0  9990
2 23802  79.1350 234.4898 5884451 233.1935  57.2773  1.29847235135574
0 CHINASAT 7
1 24282U 96048A   24188.89909417 -.00000093  00000-0  00000-0 0  9998
2 24282  17.3572 208.2428 3457321 236.9500  94.9135  1.06658843111141
0 MAGION 5
1 24292U 96050B   24187.19532958 -.00000073  00000-0 -85329-5 0  9997
2 24292  62.8011  63.3194 5620771 256.3251  38.1366  4.14714209421698
0 INTERBALL AURORA
1 24293U 96050C   24186.31505425 -.00000078  00000-0  00000-0 0  9992
2 24293  62.8026  63.5622 5621121 256.4109  38.0683  4.14718941421751
0 HALCA (MUSES B)
1 24720U 97005A   24188.88819782  .00000251  00000-0  11206-2 0  9990
2 24720  31.3709  10.6784 5990901 236.6760 331.7783  3.83888077382400
0 COSMOS 2340
1 24761U 97015A   24188.75240452 -.00000638  00000-0  00000-0 0  9992
2 24761  65.3403 211.7884 6698943 159.6925 250.6219  2.00639681199599
0 COSMOS 2342
1 24800U 97022A   24188.31249912  .00000628  00000-0  00000-0 0  9994
2 24800  67.4391 307.9121 6728784 144.9452 287.7294  1.99542677198221
0 MOLNIYA 1-90
1 24960U 97054A   24188.66920929 -.00000100  00000-0  16723-2 0  9995
2 24960  64.2947 354.0940 6090939 291.3555  16.0528  3.18685977231918
0 MAQSAT H
1 25023U 97066A   24188.48189010  .00000715  00000-0  45662-2 0  9992
2 25023   7.9190  13.4205 6514098  97.3584  41.3691  3.10577090301790
0 MAQSAT B
1 25024U 97066B   24189.10123091  .00000029  00000-0  78373-3 0  9994
2 25024   7.9144  16.1219 6528242  90.8862  22.2250  3.08908497301221
0 TEAMSAT
1 25025U 97066C   24188.70624590 -.00000052  00000-0  28856-4 0  9999
2 25025   7.8890  48.4791 6523529  26.8259 169.9883  3.08004145113290
0 EQUATOR S
1 25068U 97075B   24188.30715765 -.00000340  00000-0  28204-2 0  9992
2 25068   8.4605 346.2446 8265897 146.4570 316.0787  1.07769259104796
0 COMETS
1 25175U 98011A   24188.88634294 -.00000080  00000-0  00000+0 0  9994
2 25175  30.1905 338.8992 5292676 347.6321   3.1707  4.38926069431514
0 COSMOS 2351
1 25327U 98027A   24187.96826804  .00000946  00000-0  00000-0 0  9999
2 25327  63.6451 208.1342 7152728 179.1657 183.6408  2.00578011191694
0 MOLNIYA 1-91
1 25485U 98054A   24186.99895211 -.00000147  00000-0  00000-0 0  9998
2 25485  64.0322  32.7063 6823663 290.4151  11.8938  2.36441048196738
0 MAQSAT/ARIANE 5
1 25503U 98059A   24188.67872981 -.00000157  00000-0  00000-0 0  9991
2 25503   6.8409 136.6487 6993767  35.8443 354.9925  2.24575429210991
0 SEA LAUNCH DEMO
1 25661U 99014A   24188.51743180 -.00000009  00000-0  14741-2 0  9994
2 25661   0.9822 260.7805 7149951 129.2632 356.4398  2.23253286206225
0 USA 142
1 25669U 99017A   24188.72205944 -.00000106  00000-0  34556-3 0  9994
2 25669  29.2831 311.1270 7087648 107.3695 336.2217  2.32995976  1727
0 MOLNIYA 3-50
1 25847U 99036A   24188.16147804 -.00000028  00000-0 -35360-1 0  9997
2 25847  63.4679 231.4472 6998128 282.1768  13.2001  2.00582425183156
0 CXO
1 25867U 99040B   24191.66312343  .00000408  00000-0  00000+0 0  9996
2 25867  41.6496 151.7250 8871285 297.9290   0.1797  0.37808744 25808
0 XMM
1 25989U 99066A   24190.37064473  .00000010  00000-0  00000+0 0  9993
2 25989  67.7055 292.5874 5123707  76.8597   0.3054  0.50137762 33817
0 COSMOS 2368
1 26042U 99073A   24188.91187844  .00000279  00000-0  00000-0 0  9995
2 26042  67.7294 348.0388 6305430 176.5498 192.0166  2.00632788179677
0 FREGAT RB/CLUSTER 2
1 26106U 00015A   24188.86645448  .00000008  00000-0  64235-4 0  9991
2 26106  64.9733  56.9679 5516807 302.6264  15.7012  4.61163401405445
0 IMAGE
1 26113U 00017A   24186.57634029 -.00000173  00000-0 -86894-2 0  9998
2 26113  94.2236 303.7939 7535214  13.7408 358.5165  1.68651555149497
0 CLUSTER II-FM7
1 26410U 00041A   24189.68669558  .00000924  00000-0  00000-0 0  9990
2 26410 139.5772 358.9804 7543242 213.9754 359.2269  0.44217903 17132
0 CLUSTER II-FM6
1 26411U 00041B   24189.59507947  .00008765  00000-0  00000-0 0  9995
2 26411 149.0279  29.4825 9043105 245.1182 359.3267  0.44245811 17195
0 CLUSTER II-FM5
1 26463U 00045A   24189.66917525  .00003704  00000-0  00000-0 0  9999
2 26463 150.9594  22.1118 8581581 237.7071 359.1753  0.44223561 17079
0 CLUSTER II-FM8
1 26464U 00045B   24189.68675709  .00000924  00000-0  00000+0 0  9997
2 26464 139.5892 358.9934 7540357 213.9828 359.2539  0.44220478 64812
0 AMSAT OSCAR 40
1 26609U 00072B   24187.87794795 -.00000083  00000-0  00000-0 0  9992
2 26609   6.4493  98.9909 7974199 313.9042   3.7361  1.25590245108577
0 STRV 1C
1 26610U 00072C   24188.18944359 -.00000081  00000-0  15715-2 0  9991
2 26610   6.1551 252.0982 7341619  69.2550 350.8203  2.03523633175608
0 STRV 1D
1 26611U 00072D   24188.27206200  .00000109  00000-0 -65471-3 0  9994
2 26611   6.1615 253.3887 7344469  66.8100 351.3018  2.03380160 76019
0 LRE
1 26898U 01038A   24188.85046809  .00001221  00000-0  25512-3 0  9992
2 26898  28.4925  53.3063 7037085 144.1218 294.6119  2.60041378202003
0 MDS 1
1 27367U 02003A   24188.39098054  .00044353  00000-0  18260-2 0  9999
2 27367  28.5745 339.2374 4434537 278.1551  35.4127  6.69020873342976
0 DASH/VEP 3
1 27368U 02003B   24188.44337007  .00000534  00000-0  12959-2 0  9992
2 27368  28.3641 151.3692 7161737 244.7772  28.0865  2.35205443189212
0 INTEGRAL
1 27540U 02048A   24188.34112559 -.00000439  00000-0  00000-0 0  9992
2 27540  89.3909  19.9046 8639265 281.4701 107.5165  0.37580742 23960
0 DOUBLESTAR (TC-2)
1 28382U 04029A   24186.26988540  .00000846  00000-0  10399-2 0  9993
2 28382  87.5494 249.0151 7027183 282.4240  12.9368  2.52474817162530
0 DELTA 4 DEMO SPACECRAFT
1 28500U 04050A   24188.71859284 -.00000155  00000-0  00000-0 0  9993
2 28500  15.3182 320.8680 2795740 338.1542   8.4339  1.41309831100844
0 MAQSAT/ARIANE 5
1 28545U 05005D   24188.94639224  .00003272  00000-0  62433-3 0  9991
2 28545   7.3430  27.9439 7054270 222.5816  53.5548  2.57795962169916
0 THEMIS A
1 30580U 07004A   24186.54627366 -.00000115  00000-0  00000-0 0  9995
2 30580   9.8802 263.7065 8349696 323.5603   2.5308  0.87834453 35010
0 THEMIS D
1 30797U 07004D   24187.74150355 -.00000164  00000-0  00000-0 0  9991
2 30797   5.6645 260.9407 8342742 330.3860   8.5455  0.87835605 34821
0 THEMIS E
1 30798U 07004E   24185.56407969 -.00000143  00000-0  00000-0 0  9993
2 30798   7.4212 280.3168 8334252 312.0720  55.1285  0.87833114 59640
0 IBEX
1 33401U 08051A   24164.27430556 -.00003805  00000-0  00000-0 0  9991
2 33401  50.1566  25.5374 6611084  41.6955  57.3231  0.11224328   697
0 SPIRALE A
1 33751U 09008C   24188.78360785  .00001130  00000-0  12768-2 0  9994
2 33751   2.0316 256.0510 5545585 243.4663  50.5044  4.59724778229304
0 SPIRALE B
1 33752U 09008D   24187.99826287  .00007880  00000-0  15181-2 0  9991
2 33752   2.0511  60.1770 6782971 257.8012  24.0451  2.93600687146702
0 EUTE W3B
1 37206U 10056A   24188.61805799  .00021892  00000-0  20332-2 0  9992
2 37206   2.5176  56.0132 6991355  50.1397 352.9417  2.67788862122663
0 MERIDIAN 3
1 37212U 10058A   24187.97561619  .00000105  00000-0  00000-0 0  9991
2 37212  63.4908 161.6167 6461813 264.4704  24.1319  2.00615081100195
0 MERIDIAN 4
1 37398U 11018A   24188.04903945  .00000659  00000-0  00000-0 0  9998
2 37398  62.1415 182.5363 7209191 258.2976  19.8430  2.00540532 96491
0 SPEKTR R
1 37755U 11037A   24195.26757457 -.00006165  00000-0  00000-0 0  9992
2 37755  43.0688  30.6260 9178796 287.5055 357.3878  0.10336871  5155
0 TACSAT 4
1 37818U 11052A   24188.46981094  .00003366  00000-0  12159-2 0  9998
2 37818  62.8170 244.1039 4675656 261.2141  45.0813  6.08074350281276
0 RBSP A
1 38752U 12046A   24188.77053158  .00019467  00000-0  11546-2 0  9993
2 38752   9.5995 218.7949 6372474  14.0227 357.6743  3.54445417121807
0 RBSP B
1 38753U 12046B   24188.41626845  .00007487  00000-0  12059-2 0  9993
2 38753  10.0248 260.8767 6520541 290.9035  13.7068  3.30060232120210
0 MERIDIAN 6
1 38995U 12063A   24187.76258330 -.00000545  00000-0  00000-0 0  9997
2 38995  65.0577  89.0288 7112232 235.8827  36.0906  2.00698569 85231
0 MERIDIAN 7
1 40296U 14069A   24188.33621062 -.00000026  00000-0  00000-0 0  9996
2 40296  63.5597 292.8905 7005685 273.2983  15.8982  2.00623673 70973
0 MMS 1
1 40482U 15011A   24189.25001157 -.00001779  00000-0  00000+0 0  9995
2 40482  49.3058   9.7077 9084336 147.8999  17.7928  0.28400311 15435
0 MMS 2
1 40483U 15011B   24189.25001157 -.00001779  00000-0  00000+0 0  9996
2 40483  49.3058   9.7077 9084412 147.9000  17.5879  0.28396682 15411
0 MMS 3
1 40484U 15011C   24189.25001157 -.00001779  00000-0  00000+0 0  9997
2 40484  49.3053   9.7087 9084407 147.8996  17.6666  0.28396475 15410
0 MMS 4
1 40485U 15011D   24189.25001157 -.00001782  00000-0  00000+0 0  9992
2 40485  49.3073   9.7063 9085265 147.9015  17.0244  0.28359719 15419
0 COSMOS 2510
1 41032U 15066A   24187.74179388 -.00000432  00000-0  00000-0 0  9997
2 41032  63.0465  83.0720 7063812 271.7671  15.7919  2.00995170 63198
0 ARASE (ERG)
1 41896U 16080A   24188.55729668  .00000305  00000-0  91891-3 0  9993
2 41896  31.8185 291.1923 7005526 332.6033   3.6328  2.55534093 70014
0 COSMOS 2518
1 42719U 17027A   24175.21712760  .00000612  00000-0 -73511-2 0  9994
2 42719  63.2074 345.3119 7254613 270.6079  14.6872  2.00738894 51861
0 PODSAT
1 43229U 18023B   24189.15902873  .00056237 -46400-6  61835-3 0  9993
2 43229  26.8487 138.2685 4131092 205.7603 126.0813  7.32215759136230
0 TESS
1 43435U 18038A   24197.39523096 -.00000623  00000-0  00000-0 0  9991
2 43435  50.0131  62.9989 4380584 130.9285   3.3302  0.07455931  1336
0 MERIDIAN 8
1 44453U 19046A   24188.40231785  .00000143  00000-0  00000-0 0  9991
2 44453  62.7123 135.2209 6784353 273.5225  17.4028  2.00623037 36089
0 CHINASAT 18
1 44493U 19053A   24188.95406470  .00071140  31268-6  32692-3 0  9994
2 44493  28.4171  98.6296 6709737 344.1348   2.3952  3.10965127 45593
0 COSMOS 2541
1 44552U 19065A   24188.43969976 -.00000355  00000-0  00000-0 0  9991
2 44552  62.7857 223.6499 6606954 272.6119  19.2373  2.00645579 34961
0 MERIDIAN 9
1 45254U 20015A   24188.63102041 -.00000146  00000-0  00000+0 0  9999
2 45254  64.6807  38.1929 6957843 288.3981  11.6186  2.00600138 32059
0 COSMOS 2546
1 45608U 20031A   24187.19694916  .00000059  00000-0  00000-0 0  9990
2 45608  63.1095 148.1630 6707653 265.0535  21.5374  2.00615229 30183
0 ARKTIKA-M 1
1 47719U 21016A   24186.19984762  .00000113  00000-0  00000-0 0  9990
2 47719  63.1387 149.8245 6947473 268.6663  17.8881  2.00606735 24488
0 SHIYAN 10 (SY-10)
1 49258U 21087A   24188.58409266  .00000462  00000-0  00000-0 0  9991
2 49258  63.6763 303.9167 6950251 269.9173  17.5220  2.00596198 20273
0 COSMOS 2552
1 49503U 21113A   24173.15555267 -.00000757  00000-0  00000-0 0  9992
2 49503  63.1298 279.7362 6794325 271.5621  18.1716  2.00550983 18845
0 MERIDIAN 10
1 52145U 22030A   24188.13135046  .00000258  00000-0  00000-0 0  9995
2 52145  62.6525 216.1510 6835592 273.7465  16.9585  2.00611191 16768
0 COSMOS 2563
1 54223U 22145A   24184.36788461 -.00000983  00000-0  00000-0 0  9993
2 54223  63.8460  15.5883 7183287 268.9430  15.7612  2.00589094 12229
0 SHIYAN 10 02 (SY-10 02)
1 54878U 22178A   24179.86442431  .00000886  00000-0  00000-0 0  9999
2 54878  63.7450  48.5075 7103959 269.2573  16.3290  2.00669251  2123
0 INMARSAT 6-F2
1 55683U 23022A   24188.80606279 -.00000100  00000-0  00000-0 0  9999
2 55683   3.8414  28.0185 3023412 210.0008 209.8140  1.00960146  3384
0 CH 3 PROPULSION MODULE
1 57770U 23098C   24196.97150344 -.00002421  00000-0  00000-0 0  9993
2 57770  30.3556  12.5006 4179181  46.1416   2.8929  0.08164073   185
0 EUTE 36X
1 59346U 24059A   24185.13591194 -.00000137  00000-0  00000-0 0  9992
2 59346   2.3934 335.3872 2886355 196.8130 200.1231  0.94724412   996
0 SES-24
1 60086U 24115A   24185.49789866 -.00000178  00000-0 -10314-1 0  9998
2 60086  25.8814  62.0085 7819637 181.9192 170.0670  1.32590912    28
0 CHINASAT-3A
1 60179U 24122A   24181.68107238 -.00000084  00000-0  00000+0 0  9997
2 60179  15.4778 118.1248 7297127 179.7551 134.9782  2.28054641    08
