0 NTS 2
1 10091U 77053A   24188.74543256 -.00000061  00000-0  00000-0 0  9990
2 10091  63.5962 303.6006 0065077 225.9480 127.8550  2.00460394344431
0 OPS 5111 (NAVSTAR 1)
1 10684U 78020A   24188.57214806 -.00000040  00000-0  00000-0 0  9997
2 10684  63.8302  73.7338 0080100 215.3643 144.1643  1.98072546322368
0 OPS 5112 (NAVSTAR 2)
1 10893U 78047A   24188.47067803 -.00000048  00000-0  00000-0 0  9998
2 10893  63.1646 295.5159 0524669  43.9757 325.8445  2.01626455339403
0 OPS 5113 (NAVSTAR 3)
1 11054U 78093A   24188.75353641 -.00000086  00000-0  00000-0 0  9990
2 11054  63.4547 321.2600 0098238 229.0487 126.3705  1.93504669326927
0 OPS 5114 (NAVSTAR 4)
1 11141U 78112A   24188.54046630 -.00000034  00000-0  00000-0 0  9996
2 11141  63.2476  92.6078 0137271  47.1123 110.8628  1.92895676215387
0 OPS 5117 (NAVSTAR 5)
1 11690U 80011A   24185.69552782 -.00000057  00000-0  00000-0 0  9994
2 11690  64.2737  70.4693 0480254 204.2387   1.1731  2.00575611339416
0 OPS 5118 (NAVSTAR 6)
1 11783U 80032A   24184.37139934 -.00000023  00000-0  00000-0 0  9997
2 11783  62.1966 272.7611 0539063  54.0916 335.4717  2.03456048327216
0 COSMOS 1413 (GLONASS)
1 13603U 82100A   24185.71086307 -.00000052  00000-0  00000-0 0  9994
2 13603  64.4644  91.6377 0006839  18.6818 155.9376  2.13866979325911
0 COSMOS 1414 (GLONASS)
1 13606U 82100D   24188.54902531 -.00000028  00000-0  00000-0 0  9990
2 13606  64.4043  95.7097 0077644  31.0597 133.2358  2.13103838324754
0 COSMOS 1415 (GLONASS)
1 13607U 82100E   24188.25086977 -.00000032  00000-0  00000-0 0  9991
2 13607  64.4473  91.5066 0004544  22.7373  86.1041  2.13810329325745
0 OPS 9794 (NAVSTAR 8)
1 14189U 83072A   24188.84363546 -.00000034  00000-0  00000-0 0  9993
2 14189  62.9489  89.3325 0208478  53.3046 127.2319  1.91719564213108
0 COSMOS 1490 (GLONASS)
1 14258U 83084A   24185.50672825 -.00000051  00000-0  00000-0 0  9995
2 14258  64.4704  97.3447 0015058  12.0856 168.4901  2.13103241318235
0 COSMOS 1491 (GLONASS)
1 14259U 83084B   24188.47133036 -.00000032  00000-0  00000-0 0  9990
2 14259  64.5766  83.1110 0019998 308.6307 226.2550  2.15434934320826
0 COSMOS 1492 (GLONASS)
1 14260U 83084C   24188.38465937 -.00000028  00000-0  00000-0 0  9995
2 14260  64.4404  98.9246 0001182   0.2078 173.5500  2.12759143316458
0 COSMOS 1519 (GLONASS)
1 14590U 83127A   24187.58924375 -.00000081  00000-0  00000+0 0  9994
2 14590  66.6469 352.3039 0011452 178.1539 189.2148  2.13099486256042
0 COSMOS 1520 (GLONASS)
1 14591U 83127B   24188.69200488 -.00000082  00000-0  00000-0 0  9992
2 14591  66.6387 352.1584 0023446 171.9581   7.8917  2.13102269255816
0 COSMOS 1521 (GLONASS)
1 14592U 83127C   24183.89924905 -.00000065  00000-0  00000-0 0  9998
2 14592  66.5625 348.3433 0060609 193.4583 165.7786  2.13837130316294
0 COSMOS 1554 (GLONASS)
1 14977U 84047A   24187.14077122 -.00000080  00000-0  00000-0 0  9996
2 14977  66.6038 351.3712 0016370 218.5833 135.1406  2.13099610 88702
0 COSMOS 1555 (GLONASS)
1 14978U 84047B   24183.85824942 -.00000063  00000-0  00000-0 0  9992
2 14978  66.6152 351.9513 0012129 175.3832 177.8004  2.13101913284257
0 COSMOS 1556 (GLONASS)
1 14979U 84047C   24186.85948657 -.00000079  00000-0  00000-0 0  9993
2 14979  66.6365 352.9171 0009524 194.8410 143.7861  2.12912348311927
0 NAVSTAR 9 (USA 1)
1 15039U 84059A   24185.66654284 -.00000062  00000-0  00000-0 0  9994
2 15039  63.0724  84.9270 0229804  50.5410 129.2277  1.92302772284403
0 COSMOS 1593 (GLONASS)
1 15259U 84095A   24188.59493782 -.00000027  00000-0  00000+0 0  9997
2 15259  64.4789  97.2310 0023943 211.6653 331.4069  2.13104756263375
0 COSMOS 1594 (GLONASS)
1 15260U 84095B   24186.68350207 -.00000044  00000-0  00000-0 0  9991
2 15260  64.4166  98.9744 0004900 190.8177 351.6648  2.12637104309348
0 COSMOS 1595 (GLONASS)
1 15261U 84095C   24188.29846346 -.00000030  00000-0  00000-0 0  9990
2 15261  64.4177  95.7168 0047883 216.0498 334.3900  2.13102442284377
0 NAVSTAR 10 (USA 5)
1 15271U 84097A   24188.95946116 -.00000077  00000-0  00000-0 0  9993
2 15271  62.6976 312.3039 0144437 227.9122 128.6025  1.92618930282637
0 COSMOS 1650 (GLONASS)
1 15697U 85037A   24186.31937667 -.00000047  00000-0  00000-0 0  9996
2 15697  64.5101  97.7672 0033569  26.4407 163.2579  2.13102512281106
0 COSMOS 1651 (GLONASS)
1 15698U 85037B   24184.71463897 -.00000052  00000-0  00000-0 0  9994
2 15698  64.4973  97.3908 0014612  22.5698 346.2799  2.13123178304562
0 COSMOS 1652 (GLONASS)
1 15699U 85037C   24188.26872683 -.00000030  00000-0  00000-0 0  9992
2 15699  64.4943  97.5485 0017785  23.9258 156.6840  2.13067485304516
0 NAVSTAR 11 (USA 10)
1 16129U 85093A   24188.71258828 -.00000028  00000-0  00000-0 0  9999
2 16129  63.1835 104.2630 0318080  53.0798 125.2395  1.89369001215849
0 COSMOS 1710 (GLONASS)
1 16396U 85118A   24185.59663772 -.00000077  00000-0  00000-0 0  9998
2 16396  66.3213 347.7852 0012556 199.7453 150.6810  2.13102843299916
0 COSMOS 1711 (GLONASS)
1 16397U 85118B   24188.45751142 -.00000083  00000-0  00000-0 0  9993
2 16397  66.3352 347.8877 0009079 190.6779 169.4119  2.13101885299607
0 COSMOS 1712 (GLONASS)
1 16398U 85118C   24186.43989204 -.00000080  00000-0  00000-0 0  9999
2 16398  66.3274 348.5127 0010707  15.8737 344.3604  2.12920045298876
0 COSMOS 1778 (GLONASS)
1 16961U 86071A   24187.26627531 -.00000039  00000-0  00000-0 0  9992
2 16961  64.5115  96.7907 0004686 216.5390 320.1316  2.13102153294206
0 COSMOS 1779 (GLONASS)
1 16962U 86071B   24184.36961916 -.00000051  00000-0  00000-0 0  9993
2 16962  64.5136  96.9610 0012563  40.4191 123.7305  2.13102733294017
0 COSMOS 1780 (GLONASS)
1 16963U 86071C   24186.73506208 -.00000044  00000-0  00000-0 0  9998
2 16963  64.5028  96.5972 0003039 344.0136 205.0595  2.13107751294149
0 COSMOS 1883 (GLONASS)
1 18355U 87079A   24187.61241545 -.00000085  00000-0  00000+0 0  9996
2 18355  65.9221 342.5779 0005157 255.6386 164.0062  2.13101040286477
0 COSMOS 1884 (GLONASS)
1 18356U 87079B   24187.91309596 -.00000085  00000-0  00000+0 0  9991
2 18356  65.9464 342.8952 0020221 208.7845 155.4299  2.13102789286579
0 COSMOS 1885 (GLONASS)
1 18357U 87079C   24187.76700788 -.00000085  00000-0  00000-0 0  9994
2 18357  65.9424 342.8332 0021627 211.8397 115.9183  2.13102453269972
0 COSMOS 1946 (GLONASS)
1 19163U 88043A   24188.11066497 -.00000031  00000-0  00000-0 0  9995
2 19163  64.5925  97.9525 0003310  91.2413  88.7238  2.13103335280442
0 COSMOS 1947 (GLONASS)
1 19164U 88043B   24188.48138684 -.00000028  00000-0  00000-0 0  9990
2 19164  64.5898  97.8620 0024215 224.1188 305.6725  2.13103822276156
0 COSMOS 1948 (GLONASS)
1 19165U 88043C   24186.26670608 -.00000047  00000-0  00000-0 0  9993
2 19165  64.5784  97.7446 0002893 309.5629 223.8478  2.13102933280818
0 COSMOS 1970 (GLONASS)
1 19501U 88085A   24186.57723025 -.00000086  00000-0  00000-0 0  9992
2 19501  65.6077 338.6381 0009766  44.1624  23.0150  2.13102010278592
0 COSMOS 1971 (GLONASS)
1 19502U 88085B   24187.14632559 -.00000086  00000-0  00000-0 0  9998
2 19502  65.6013 338.5419 0022167  16.7864 333.8088  2.13101574264170
0 COSMOS 1972 (GLONASS)
1 19503U 88085C   24185.58989153 -.00000083  00000-0  00000-0 0  9997
2 19503  65.6364 339.0272 0004042 210.3031 120.5310  2.13102139278423
0 COSMOS 1987 (GLONASS)
1 19749U 89001A   24186.82618568 -.00000043  00000-0  00000-0 0  9991
2 19749  64.5495  96.7149 0004007 219.1890 329.0830  2.13103387276112
0 COSMOS 1988 (GLONASS)
1 19750U 89001B   24188.32618850 -.00000029  00000-0  00000-0 0  9998
2 19750  64.5649  96.9972 0015143 219.2639 327.7946  2.13101862276137
0 COSMOS 1989 (ETALON 1)
1 19751U 89001C   24188.89566296 -.00000024  00000-0  00000-0 0  9992
2 19751  64.5617  96.5612 0023801 215.9656  99.8266  2.13156208276228
0 NAVSTAR 13 (USA 35)
1 19802U 89013A   24188.24780144 -.00000037  00000-0  00000-0 0  9995
2 19802  54.6154 118.6218 0041392 234.8815 305.0620  1.85325099245092
0 COSMOS 2022 (GLONASS)
1 20024U 89039A   24188.49052274 -.00000085  00000-0  00000-0 0  9997
2 20024  65.3271 335.2273 0008335 211.9693 152.4069  2.13102146273198
0 COSMOS 2023 (GLONASS)
1 20025U 89039B   24186.81807809 -.00000087  00000-0  00000-0 0  9996
2 20025  65.3519 335.5634 0018717 197.0443 150.4588  2.13104057273074
0 COSMOS 2024 (ETALON 2)
1 20026U 89039C   24188.43081399 -.00000085  00000-0  00000-0 0  9993
2 20026  65.3297 334.9070 0019503 216.8905 137.9301  2.13204464273348
0 NAVSTAR 14 (USA 38)
1 20061U 89044A   24186.67276988 -.00000003  00000-0  00000-0 0  9992
2 20061  53.7412 265.6014 0025906 196.2612 153.0122  1.88858611248325
0 NAVSTAR 15 (USA 42)
1 20185U 89064A   24188.69743544 -.00000036  00000-0  00000-0 0  9998
2 20185  54.5130 113.6613 0012330 308.8361 168.8906  1.86087717242983
0 NAVSTAR 16 (USA 47)
1 20302U 89085A   24188.23556220  .00000055  00000-0  00000-0 0  9995
2 20302  54.0268 208.7786 0007973  67.2812 300.0792  1.89426461245074
0 NAVSTAR 17 (USA 49)
1 20361U 89097A   24188.29929449 -.00000088  00000-0  00000-0 0  9993
2 20361  56.0181  35.6173 0022169 309.7772 231.3825  1.89175220235903
0 NAVSTAR 18 (USA 50)
1 20452U 90008A   24186.21922725  .00000024  00000-0  00000-0 0  9997
2 20452  54.7484 158.5644 0015632 272.2927  90.9048  1.89597872242912
0 NAVSTAR 19 (USA 54)
1 20533U 90025A   24187.39007782 -.00000017  00000-0  00000-0 0  9996
2 20533  53.9503 272.0097 0044595 214.3193 150.7025  1.91039331241420
0 COSMOS 2079 (GLONASS)
1 20619U 90045A   24188.78839720 -.00000083  00000-0  00000-0 0  9995
2 20619  65.1217 332.9225 0045960 205.8645 152.5456  2.13103031265614
0 COSMOS 2080 (GLONASS)
1 20620U 90045B   24188.42275650 -.00000084  00000-0  00000-0 0  9995
2 20620  65.1171 332.8837 0024197  35.5367 311.4072  2.13102944265455
0 COSMOS 2081 (GLONASS)
1 20621U 90045C   24188.68869803 -.00000084  00000-0  00000-0 0  9993
2 20621  65.1401 333.1531 0042368 216.8872 326.9105  2.13104766265544
0 NAVSTAR 20 (USA 63)
1 20724U 90068A   24189.17936094 -.00000043  00000-0  00000+0 0  9998
2 20724  54.3632  99.3198 0038213 318.3196 225.7399  1.87186007236632
0 NAVSTAR 21 (USA 64)
1 20830U 90088A   24185.49506682 -.00000087  00000-0  00000-0 0  9994
2 20830  56.1105  34.1002 0021252 279.0376 264.7311  1.87752483239406
0 NAVSTAR 22 (USA 66)
1 20959U 90103A   24184.35250371 -.00000081  00000-0  00000+0 0  9992
2 20959  55.5575  76.2423 0021156  77.9198 282.3489  1.88155390242586
0 COSMOS 2109 (GLONASS)
1 21006U 90110A   24188.35730257 -.00000030  00000-0  00000-0 0  9999
2 21006  64.5332  95.5325 0080910 199.9921 332.5999  2.13101831261336
0 COSMOS 2110 (GLONASS)
1 21007U 90110B   24184.83858818 -.00000053  00000-0  00000-0 0  9998
2 21007  64.5485  96.0679 0044207 201.4030 335.7870  2.13101118261244
0 COSMOS 2111 (GLONASS)
1 21008U 90110C   24186.73484699 -.00000044  00000-0  00000-0 0  9992
2 21008  64.5329  95.6724 0018011 239.3493 308.7160  2.13098687261210
0 COSMOS 2139 (GLONASS)
1 21216U 91025A   24188.50654518 -.00000083  00000-0  00000+0 0  9997
2 21216  64.7986 329.2168 0016297 222.1382 137.7261  2.13106471258872
0 COSMOS 2140 (GLONASS)
1 21217U 91025B   24186.78274649 -.00000087  00000-0  00000-0 0  9994
2 21217  64.7890 329.1726 0025906 219.6640 113.4578  2.13101165258755
0 COSMOS 2141 (GLONASS)
1 21218U 91025C   24187.76085844 -.00000085  00000-0  00000-0 0  9999
2 21218  64.7815 329.0424 0004939 226.7311 120.9173  2.13103535258807
0 NAVSTAR 23 (USA 71)
1 21552U 91047A   24186.06160341 -.00000093  00000-0  00000-0 0  9991
2 21552  56.4136  17.7928 0035999 121.1499  61.5874  1.91857528237704
0 COSMOS 2177 (GLONASS)
1 21853U 92005A   24184.55720480 -.00000053  00000-0  00000+0 0  9993
2 21853  64.4880  94.5500 0007931 200.1682 348.0448  2.13101715252385
0 COSMOS 2178 (GLONASS)
1 21854U 92005B   24183.71730376 -.00000050  00000-0  00000-0 0  9994
2 21854  64.4918  94.6282 0031136  29.6826 155.3588  2.13105685252287
0 COSMOS 2179 (GLONASS)
1 21855U 92005C   24188.63823718 -.00000028  00000-0  00000-0 0  9999
2 21855  64.4929  94.4711 0012232 236.8674 305.2252  2.13102685252207
0 NAVSTAR 24 (USA 79)
1 21890U 92009A   24182.33301326  .00000111  00000-0  00000-0 0  9991
2 21890  54.2255 192.1841 0047529  48.6048  30.2148  1.91828773232346
0 NAVSTAR 25 (USA 80)
1 21930U 92019A   24185.51011810 -.00000112  00000-0  00000+0 0  9997
2 21930  55.5051 330.0273 0029581 330.3596  30.5786  1.87660477228041
0 NAVSTAR 26 (USA 83)
1 22014U 92039A   24188.09546844 -.00000009  00000-0  00000-0 0  9995
2 22014  55.3325 143.7969 0005194 278.2884  81.6000  1.87912157 61891
0 COSMOS 2206 (GLONASS)
1 22056U 92047A   24188.61377774 -.00000081  00000-0  00000+0 0  9991
2 22056  64.5892 327.0736 0010729 245.4862 114.9417  2.13107439248538
0 COSMOS 2204 (GLONASS)
1 22057U 92047B   24184.77998788 -.00000084  00000-0  00000-0 0  9993
2 22057  64.6066 327.3946 0015305 344.2210   2.1748  2.13103368248306
0 COSMOS 2205 (GLONASS)
1 22058U 92047C   24188.48505976 -.00000082  00000-0  00000-0 0  9997
2 22058  64.5985 327.2056 0018163 224.6123 133.4473  2.13102980248386
0 NAVSTAR 27 (USA 84)
1 22108U 92058A   24186.40347204  .00000073  00000-0  00000-0 0  9992
2 22108  54.6672 191.1229 0015068  31.5856 328.5289  1.87561608229651
0 NAVSTAR 28 (USA 85)
1 22231U 92079A   24188.34325570 -.00000015  00000-0  00000+0 0  9995
2 22231  55.3251 138.3019 0026101 347.1681  12.7150  1.89108676228710
0 NAVSTAR 29 (USA 87)
1 22275U 92089A   24185.88417102  .00000017  00000-0  00000-0 0  9995
2 22275  54.8850 152.9043 0067510  69.8870 292.7233  1.88246672223459
0 NAVSTAR 30 (USA 88)
1 22446U 93007A   24188.77680231 -.00000014  00000-0  00000-0 0  9990
2 22446  53.7325 268.6752 0025423  31.5877 331.9604  1.88095087220644
0 COSMOS 2234 (GLONASS)
1 22512U 93010A   24187.24988477 -.00000040  00000-0  00000-0 0  9991
2 22512  64.5046  94.5497 0022780 209.8530 281.4245  2.13103583243969
0 COSMOS 2236 (GLONASS)
1 22513U 93010B   24184.39904365 -.00000053  00000-0  00000-0 0  9993
2 22513  64.4979  94.5543 0004538  78.4002 110.4568  2.13104617244140
0 COSMOS 2235 (GLONASS)
1 22514U 93010C   24185.73515837 -.00000051  00000-0  00000-0 0  9993
2 22514  64.5167  94.8176 0009388 208.7948 335.3681  2.13102096244087
0 NAVSTAR 31 (USA 90)
1 22581U 93017A   24185.59339359 -.00000109  00000-0  00000-0 0  9995
2 22581  54.7501 323.7858 0003403  93.0629 341.8423  1.88945742 75709
0 NAVSTAR 32 (USA 91)
1 22657U 93032A   24186.69246608 -.00000089  00000-0  00000-0 0  9999
2 22657  54.1811 306.2003 0040729  78.3268 271.8811  1.87695773220526
0 NAVSTAR 33 (USA 92)
1 22700U 93042A   24188.27815853  .00000049  00000-0  00000-0 0  9994
2 22700  54.7188 193.6699 0010614  16.5548  70.1427  1.89432277223663
0 NAVSTAR 34 (USA 94)
1 22779U 93054A   24186.30148519  .00000045  00000-0  00000-0 0  9999
2 22779  53.5508 243.6267 0051703 242.6611 118.0316  1.89129710222546
0 NAVSTAR 35 (USA 96)
1 22877U 93068A   24188.89411249 -.00000112  00000-0  00000-0 0  9998
2 22877  55.5825   2.0607 0009922 119.9941  61.6897  1.88540902223066
0 NAVSTAR 36 (USA 100)
1 23027U 94016A   24187.59771418 -.00000076  00000-0  00000+0 0  9991
2 23027  53.7708 299.4793 0032815 204.5754 153.9705  1.86674471219933
0 COSMOS 2276 (GLONASS)
1 23043U 94021A   24184.64752420 -.00000084  00000-0  00000-0 0  9990
2 23043  64.4500 326.0462 0018546 186.8173 170.6262  2.13099102235005
0 COSMOS 2277 (GLONASS)
1 23044U 94021B   24186.76569987 -.00000086  00000-0  00000-0 0  9992
2 23044  64.4373 325.8404 0057007 211.1525 148.9030  2.13104084235237
0 COSMOS 2275 (GLONASS)
1 23045U 94021C   24188.46815434 -.00000081  00000-0  00000-0 0  9998
2 23045  64.4251 325.6789 0027058  35.1548  20.4257  2.13101481235085
0 COSMOS 2287 (GLONASS)
1 23203U 94050A   24188.27285233  .00000065  00000-0  00000-0 0  9994
2 23203  65.4290 225.3019 0010718  21.7164  43.7605  2.13101371232706
0 COSMOS 2289 (GLONASS)
1 23204U 94050B   24188.36672803  .00000064  00000-0  00000-0 0  9997
2 23204  65.4177 225.1672 0009376 320.1419  39.8707  2.13102182232521
0 COSMOS 2288 (GLONASS)
1 23205U 94050C   24188.30095125  .00000065  00000-0  00000-0 0  9999
2 23205  65.4236 225.2402 0002103 295.5774  99.7373  2.13101382232682
0 COSMOS 2295 (GLONASS)
1 23396U 94076A   24188.71379225 -.00000027  00000-0  00000-0 0  9998
2 23396  64.4479  93.6048 0038563 202.5709 323.7381  2.13102744230364
0 COSMOS 2296 (GLONASS)
1 23397U 94076B   24186.68164216 -.00000045  00000-0  00000-0 0  9995
2 23397  64.4368  93.5393 0010396 259.0762 282.1759  2.13099740230306
0 COSMOS 2294 (GLONASS)
1 23398U 94076C   24188.84473392 -.00000026  00000-0  00000-0 0  9993
2 23398  64.4294  93.3069 0004067  18.1057 161.0262  2.13101948230546
0 COSMOS 2307 (GLONASS)
1 23511U 95009A   24186.58262751 -.00000087  00000-0  00000-0 0  9998
2 23511  64.4696 326.3985 0006679 125.9597 302.9356  2.13105337228017
0 COSMOS 2308 (GLONASS)
1 23512U 95009B   24188.75608910 -.00000081  00000-0  00000-0 0  9995
2 23512  64.4564 326.2201 0005619 311.8590  44.1674  2.13099752228060
0 COSMOS 2309 (GLONASS)
1 23513U 95009C   24185.61204490 -.00000086  00000-0  00000-0 0  9998
2 23513  64.4657 326.5505 0035468 214.8453 151.9276  2.13052419228108
0 COSMOS 2316 (GLONASS)
1 23620U 95037A   24188.41832667  .00000063  00000-0  00000-0 0  9996
2 23620  65.4813 225.8460 0013682 160.4646 277.3498  2.13101554225298
0 COSMOS 2317 (GLONASS)
1 23621U 95037B   24185.30549852  .00000090  00000-0  00000-0 0  9993
2 23621  65.4912 226.0850 0010016 170.3130 264.1802  2.13101714225045
0 COSMOS 2318 (GLONASS)
1 23622U 95037C   24188.50629868  .00000062  00000-0  00000-0 0  9994
2 23622  65.4831 225.8693 0016489  78.1408 246.3005  2.13101853225086
0 COSMOS 2325 (GLONASS)
1 23734U 95068A   24188.27871304  .00000065  00000-0  00000-0 0  9993
2 23734  65.4855 225.8199 0019832 224.7147 211.5475  2.13102899222242
0 COSMOS 2324 (GLONASS)
1 23735U 95068B   24188.29785393  .00000065  00000-0  00000-0 0  9998
2 23735  65.4827 225.7642 0001999 148.7741 211.3200  2.13102691222316
0 COSMOS 2323 (GLONASS)
1 23736U 95068C   24188.41229993  .00000064  00000-0  00000-0 0  9991
2 23736  65.4739 225.6653 0009283 192.6273 166.9344  2.13103128222053
0 NAVSTAR 37 (USA 117)
1 23833U 96019A   24188.44200105 -.00000060  00000-0  00000-0 0  9990
2 23833  53.4233 293.2320 0007889   2.6188  66.0989  1.94618825 68937
0 NAVSTAR 38 (USA 126)
1 23953U 96041A   24187.32921458 -.00000070  00000-0  00000-0 0  9996
2 23953  55.3792  71.3169 0060357  97.8409  81.0060  1.88695783201351
0 NAVSTAR 39 (USA 128)
1 24320U 96056A   24187.57817316  .00000006  00000-0  00000-0 0  9993
2 24320  54.1190 261.6657 0028800 203.9938 126.1168  1.86499243197231
0 NAVSTAR 43 (USA 132)
1 24876U 97035A   24188.22353267 -.00000026  00000-0  00000-0 0  9993
2 24876  55.6759 126.3884 0080819  52.4660 308.2290  2.00565570197693
0 NAVSTAR 44 (USA 135)
1 25030U 97067A   24185.30480506  .00000097  00000-0  00000-0 0  9991
2 25030  55.6130 197.4710 0021186 254.4317 111.7883  1.88437724193247
0 COSMOS 2364 (GLONASS)
1 25593U 98077A   24186.25257890 -.00000050  00000-0  00000-0 0  9990
2 25593  63.8766  85.2792 0029540  53.4900 128.9049  2.13102885198467
0 COSMOS 2363 (GLONASS)
1 25594U 98077B   24188.52285979 -.00000033  00000-0  00000-0 0  9993
2 25594  63.8727  85.1308 0026332  44.9927 145.6360  2.13103765198535
0 COSMOS 2362 (GLONASS)
1 25595U 98077C   24182.35800302 -.00000049  00000-0  00000-0 0  9999
2 25595  63.8800  85.4734 0006712  57.1612 133.5781  2.13103717198407
0 NAVSTAR 46 (USA 145)
1 25933U 99055A   24188.64088580 -.00000104  00000-0  00000-0 0  9998
2 25933  52.0583 326.3775 0123941 152.3945  74.1678  2.00571600181328
0 NAVSTAR 47 (USA 150)
1 26360U 00025A   24188.42714490 -.00000077  00000-0  00000-0 0  9993
2 26360  54.6820  48.0969 0038040 214.7647  17.2624  2.00577453177017
0 NAVSTAR 48 (USA 151)
1 26407U 00040A   24188.82685448  .00000028  00000-0  00000-0 0  9991
2 26407  55.0585 243.4031 0144654 294.7340  68.5180  2.00560599175703
0 COSMOS 2375 (GLONASS)
1 26564U 00063A   24186.48740501 -.00000086  00000-0  00000-0 0  9997
2 26564  65.5703 338.0220 0006989  30.8141 329.2174  2.13101731184592
0 COSMOS 2376 (GLONASS)
1 26565U 00063B   24187.81904203 -.00000086  00000-0  00000-0 0  9997
2 26565  65.5743 338.0062 0004477  41.6915 321.2164  2.13102459184667
0 COSMOS 2374 (GLONASS)
1 26566U 00063C   24188.75609958 -.00000084  00000-0  00000-0 0  9999
2 26566  65.5485 337.7120 0075017 212.1568 328.2121  2.13099806184615
0 NAVSTAR 49 (USA 154)
1 26605U 00071A   24188.57899312 -.00000026  00000-0  00000-0 0  9993
2 26605  55.2792 123.0456 0156236 260.1917 210.0691  2.00572002173267
0 NAVSTAR 50 (USA 156)
1 26690U 01004A   24188.52847735 -.00000073  00000-0  00000-0 0  9993
2 26690  54.6283  58.7752 0002234  15.5588 163.7863  1.91588430169920
0 COSMOS 2382 (GLONASS)
1 26987U 01053A   24187.28935976 -.00000043  00000-0  00000-0 0  9990
2 26987  63.6192  82.7817 0004285 201.0649 297.5616  2.13105080175789
0 COSMOS 2381 (GLONASS)
1 26988U 01053B   24188.60469521 -.00000034  00000-0  00000+0 0  9995
2 26988  63.6229  82.7598 0043837 225.5332 290.6174  2.13103989175872
0 COSMOS 2380 (GLONASS)
1 26989U 01053C   24185.57049148 -.00000055  00000-0  00000-0 0  9992
2 26989  63.6145  82.8242 0005571  49.3778 127.3737  2.13102824175807
0 COSMOS 2394 (GLONASS)
1 27617U 02060A   24187.72390848 -.00000086  00000-0  00000-0 0  9999
2 27617  65.7827 339.6220 0001839 355.2638   4.7248  2.13101878167569
0 COSMOS 2396 (GLONASS)
1 27618U 02060B   24189.06229939 -.00000083  00000-0  00000+0 0  9997
2 27618  65.7847 339.5711 0005832 144.3274 212.9381  2.13099723167607
0 COSMOS 2395 (GLONASS)
1 27619U 02060C   24184.78718073 -.00000078  00000-0  00000-0 0  9999
2 27619  65.7983 339.8438 0011433 251.1383  86.4080  2.13103584167410
0 NAVSTAR 51 (USA 166)
1 27663U 03005A   24188.70497354  .00000029  00000-0  00000-0 0  9995
2 27663  55.0973 243.2191 0136367  47.4081   4.6000  2.00573742157066
0 NAVSTAR 52 (USA 168)
1 27704U 03010A   24188.32444101 -.00000109  00000-0  00000-0 0  9997
2 27704  55.0959 353.0184 0253210 328.0577  26.9462  2.00563731155843
0 COSMOS 2404 (GLONASS)
1 28112U 03056A   24187.37826927 -.00000041  00000-0  00000-0 0  9990
2 28112  63.8092  87.2168 0047130  71.6404 122.2819  2.13088276160057
0 COSMOS 2402 (GLONASS)
1 28113U 03056B   24188.10883750 -.00000035  00000-0  00000-0 0  9993
2 28113  63.8255  87.2920 0046506  74.5619 106.6788  2.13105116160099
0 COSMOS 2403 (GLONASS)
1 28114U 03056C   24185.87835552 -.00000053  00000-0  00000-0 0  9992
2 28114  63.8281  87.4208 0056723  61.2085 117.3238  2.13105102160041
0 NAVSTAR 53 (USA 175)
1 28129U 03058A   24187.90996805 -.00000076  00000-0  00000-0 0  9990
2 28129  54.5216  50.5993 0068367 342.1555  17.6697  2.00548836150528
0 NAVSTAR 54 (USA 177)
1 28190U 04009A   24188.91692590 -.00000073  00000-0  00000-0 0  9998
2 28190  55.4368 304.2525 0098326 149.2365 214.0349  2.00558794148705
0 NAVSTAR 55 (USA 178)
1 28361U 04023A   24188.91492439 -.00000030  00000-0  00000+0 0  9996
2 28361  54.4322 115.4669 0151783 281.5747 259.2873  2.00572701146813
0 NAVSTAR 56 (USA 180)
1 28474U 04045A   24187.88437315 -.00000108  00000-0  00000-0 0  9999
2 28474  55.4245 353.4616 0161832 292.9195  90.3301  2.00561403144161
0 COSMOS 2413 (GLONASS)
1 28508U 04053A   24186.67765950 -.00000047  00000-0  00000-0 0  9993
2 28508  63.7578  85.4639 0007236 209.6333 338.0528  2.13103764151946
0 COSMOS 2411 (GLONASS)
1 28509U 04053B   24187.62757781 -.00000040  00000-0  00000-0 0  9996
2 28509  63.7544  85.3768 0003887 172.9475  18.9074  2.13096710151952
0 COSMOS 2412 (GLONASS)
1 28510U 04053C   24188.52259462 -.00000033  00000-0  00000-0 0  9993
2 28510  63.7637  85.4686 0006373 241.3998 309.8233  2.13103563151977
0 NAVSTAR 57 (USA 183)
1 28874U 05038A   24188.38229433 -.00000070  00000-0  00000-0 0  9990
2 28874  55.4832 301.7359 0136359 284.2423  76.7440  2.00554122137581
0 COSMOS 2419 (GLONASS)
1 28915U 05050A   24187.76576331 -.00000086  00000-0  00000-0 0  9990
2 28915  65.9203 339.9470 0013890 337.8645 354.7024  2.13108312144201
0 COSMOS 2418 (GLONASS)
1 28916U 05050B   24188.72320503 -.00000084  00000-0  00000-0 0  9994
2 28916  65.9410 340.0725 0010009 279.6901  81.0706  2.13106773144122
0 COSMOS 2417 (GLONASS)
1 28917U 05050C   24182.57473706 -.00000062  00000-0  00000-0 0  9992
2 28917  65.9248 340.1494 0017289  94.3300 308.9586  2.13103852143961
0 NAVSTAR 58 (USA 190)
1 29486U 06042A   24188.75500396  .00000031  00000-0  00000-0 0  9993
2 29486  54.6798 179.5112 0103511  38.5471 132.2130  2.00554658130141
0 NAVSTAR 59 (USA 192)
1 29601U 06052A   24188.44453323  .00000033  00000-0  00000-0 0  9998
2 29601  55.1281 242.2084 0084601  83.2969 277.7531  2.00568892129150
0 COSMOS 2425 (GLONASS)
1 29670U 06062A   24188.69743538  .00000061  00000-0  00000-0 0  9993
2 29670  64.6957 217.9597 0021733 350.5205  60.2839  2.13117286136446
0 COSMOS 2426 (GLONASS)
1 29671U 06062B   24188.29184881  .00000066  00000-0  00000-0 0  9995
2 29671  64.7031 218.1863 0021521 179.3701 251.3903  2.12963349136413
0 COSMOS 2424 (GLONASS)
1 29672U 06062C   24188.50045242  .00000064  00000-0  00000-0 0  9995
2 29672  64.6994 217.9805 0019722 174.5438 185.5485  2.13122763136431
0 NAVSTAR 60 (USA 196)
1 32260U 07047A   24188.24803298 -.00000042  00000-0  00000-0 0  9997
2 32260  53.6160 109.4605 0156026  75.6938 286.0207  2.00563037122555
0 COSMOS 2433 (GLONASS)
1 32275U 07052A   24188.45851118 -.00000085  00000-0  00000-0 0  9993
2 32275  65.9289 339.7446 0002182 199.7093 160.2728  2.13104170129914
0 COSMOS 2432 (GLONASS)
1 32276U 07052B   24188.53308152 -.00000084  00000-0  00000-0 0  9997
2 32276  65.9436 339.8564 0008017 332.4889  30.8901  2.13103274129945
0 COSMOS 2431 (GLONASS)
1 32277U 07052C   24188.25545943 -.00000085  00000-0  00000-0 0  9999
2 32277  65.9421 339.6886 0015355 173.9309 183.2040  2.13208784130056
0 NAVSTAR 61 (USA 199)
1 32384U 07062A   24188.52527444 -.00000071  00000-0  00000-0 0  9990
2 32384  55.6229 302.5954 0028863 153.0225 176.1893  2.00575996121253
0 COSMOS 2434 (GLONASS)
1 32393U 07065A   24188.90810392  .00000059  00000-0  00000+0 0  9996
2 32393  64.3204 215.9061 0000193 277.5958 319.6247  2.13103213128662
0 COSMOS 2435 (GLONASS)
1 32394U 07065B   24185.63230559  .00000096  00000-0  00000-0 0  9997
2 32394  64.3240 216.0126 0023743 352.5960   7.4457  2.13115124128535
0 COSMOS 2436 (GLONASS)
1 32395U 07065C   24188.40253497  .00000065  00000-0  00000-0 0  9998
2 32395  64.3289 215.9880 0015984 352.2198 352.3174  2.13102914128577
0 NAVSTAR 62 (USA 201)
1 32711U 08012A   24188.16689537  .00000032  00000-0  00000-0 0  9998
2 32711  54.4527 178.2928 0188563 239.3550 118.7613  2.00568679119492
0 COSMOS 2442 (GLONASS)
1 33378U 08046A   24187.81967245 -.00000086  00000-0  00000-0 0  9991
2 33378  65.8247 338.7873 0018465 308.2283  43.3157  2.13108438122780
0 COSMOS 2443 (GLONASS)
1 33379U 08046B   24184.87675753 -.00000079  00000-0  00000+0 0  9996
2 33379  65.8364 338.9937 0014365 173.3714 174.2163  2.13098215122725
0 COSMOS 2444 (GLONASS)
1 33380U 08046C   24188.46481991 -.00000085  00000-0  00000-0 0  9994
2 33380  65.8435 338.9199 0019131 294.8224  66.3682  2.13112354122804
0 COSMOS 2447 (GLONASS)
1 33466U 08067A   24188.59493782 -.00000028  00000-0  00000+0 0  9993
2 33466  64.4169  93.8615 0006455 244.3750 297.0732  2.13107829120670
0 COSMOS 2449 (GLONASS)
1 33467U 08067B   24188.87872719 -.00000026  00000-0  00000+0 0  9994
2 33467  64.4063  93.7686 0031646 237.1287 122.6012  2.13097650120894
0 COSMOS 2448 (GLONASS)
1 33468U 08067C   24188.20883484 -.00000032  00000-0  00000-0 0  9991
2 33468  64.4123  93.8101 0002359 279.5080  80.4962  2.13115959120882
0 NAVSTAR 63 (USA 203)
1 34661U 09014A   24188.08452075  .00000039  00000-0  00000-0 0  9990
2 34661  54.6726 239.1947 0131501  58.5351 305.0612  2.00553108112022
0 NAVSTAR 64 (USA 206)
1 35752U 09043A   24188.38028253 -.00000069  00000-0  00000-0 0  9998
2 35752  55.6890  55.5196 0057129  72.7447  97.1584  2.00568083109100
0 COSMOS 2456 (GLONASS)
1 36111U 09070A   24188.63937536 -.00000027  00000-0  00000-0 0  9993
2 36111  64.6201  95.2894 0004131 323.5818 221.8886  2.13099195113288
0 COSMOS 2457 (GLONASS)
1 36112U 09070B   24188.45257612 -.00000029  00000-0  00000-0 0  9996
2 36112  64.6041  95.1538 0003507 151.9100  23.4549  2.13101358113285
0 COSMOS 2458 (GLONASS)
1 36113U 09070C   24188.54018440 -.00000028  00000-0  00000-0 0  9990
2 36113  64.6101  95.1925 0005109 313.1595 208.1972  2.13082491113315
0 COSMOS 2459 (GLONASS)
1 36400U 10007A   24188.82322733 -.00000084  00000-0  00000-0 0  9997
2 36400  65.8040 338.4950 0025525 347.2388 195.7750  2.13116828111687
0 COSMOS 2461 (GLONASS)
1 36401U 10007B   24187.94702253 -.00000086  00000-0  00000-0 0  9991
2 36401  65.7994 338.4858 0019658   3.6466 184.1778  2.13107000111664
0 COSMOS 2460 (GLONASS)
1 36402U 10007C   24187.01845394 -.00000086  00000-0  00000-0 0  9994
2 36402  65.7854 338.4553 0001848 105.8371  41.4463  2.13106294111552
0 NAVSTAR 65 (USA 213)
1 36585U 10022A   24188.54103112  .00000036  00000-0  00000-0 0  9991
2 36585  54.4392 237.2184 0114034  61.9627 344.3627  2.00552348103346
0 COSMOS 2466 (GLONASS)
1 37137U 10041A   24188.27871315  .00000066  00000-0  00000-0 0  9996
2 37137  63.8974 214.4682 0017281 181.9743 259.2366  2.13112995107698
0 COSMOS 2465 (GLONASS)
1 37138U 10041B   24186.34244939  .00000090  00000-0  00000-0 0  9996
2 37138  63.9133 214.6787 0040476 179.5341 249.5152  2.13098255107679
0 COSMOS 2464 (GLONASS)
1 37139U 10041C   24187.85969656  .00000071  00000-0  00000-0 0  9993
2 37139  63.9201 214.6464 0031629   8.3300 356.1074  2.13100178107735
0 COSMOS 2471 (GLONASS)
1 37372U 11009A   24188.53570150 -.00000085  00000-0  00000-0 0  9996
2 37372  65.7725 338.3893 0008815 330.6528 358.7721  2.12911637103944
0 NAVSTAR 66 (USA 232)
1 37753U 11036A   24188.39265003 -.00000104  00000-0  00000-0 0  9993
2 37753  56.7634 359.6085 0129355  58.3142 301.3736  2.00571225 95014
0 COSMOS 2474 (GLONASS)
1 37829U 11055A   24186.93313337 -.00000042  00000-0  00000+0 0  9990
2 37829  64.9123  96.9838 0010175 244.1152 297.4710  2.13101492 99283
0 COSMOS 2476 (GLONASS)
1 37867U 11064A   24188.28182510 -.00000029  00000-0  00000-0 0  9995
2 37867  64.8931  96.9438 0022284 237.8689 305.2819  2.13101700 98611
0 COSMOS 2477 (GLONASS)
1 37868U 11064B   24188.48899669 -.00000027  00000-0  00000-0 0  9996
2 37868  64.9004  97.0095 0019499 239.0777 281.1887  2.13103219 98615
0 COSMOS 2475 (GLONASS)
1 37869U 11064C   24187.54108940 -.00000036  00000-0  00000-0 0  9998
2 37869  64.9068  97.0567 0024506 254.2994 217.0855  2.13102033 98600
0 COSMOS 2478 (GLONASS)
1 37938U 11071A   24185.83395243 -.00000083  00000-0  00000-0 0  9999
2 37938  65.8257 338.8341 0016104 217.2975 124.6180  2.13015969 97947
0 BEIDOU 12
1 38250U 12018A   24186.65229273 -.00000112  00000-0  00000-0 0  9992
2 38250  56.3269 328.7614 0021416 261.2511  98.4900  1.86231261 82677
0 BEIDOU 13
1 38251U 12018B   24188.73023958 -.00000107  00000-0  00000-0 0  9990
2 38251  56.2323 327.9624 0012352 261.5105  98.3370  1.86232020 82710
0 BEIDOU 14
1 38774U 12050A   24184.34920715 -.00000076  00000-0  00000-0 0  9991
2 38774  55.8182  86.7171 0039553 250.5324 109.0550  1.86251663 64532
0 BEIDOU 15
1 38775U 12050B   24187.36590787 -.00000063  00000-0  00000-0 0  9995
2 38775  55.9262  86.5552 0013445 342.4664  17.5157  1.86231198 80056
0 NAVSTAR 67 (USA 239)
1 38833U 12053A   24188.34520330  .00000024  00000-0  00000-0 0  9995
2 38833  53.5190 172.6864 0152704  56.0113 305.4058  2.00558968 85189
0 COSMOS 2485 (GLONASS)
1 39155U 13019A   24187.04644993 -.00000040  00000-0  00000-0 0  9993
2 39155  65.0501  97.5738 0022619 233.8791 125.9291  2.13101906 87102
0 NAVSTAR 68 (USA 242)
1 39166U 13023A   24188.70663397 -.00000064  00000-0  00000-0 0  9999
2 39166  55.0952 297.7959 0123802  45.0070 316.0103  2.00562770 81634
0 NAVSTAR 69 (USA 248)
1 39533U 14008A   24189.20517587  .00000028  00000-0  00000+0 0  9994
2 39533  53.6017 178.2515 0073378 221.0063 138.4241  2.00569664 75999
0 COSMOS 2492 (GLONASS)
1 39620U 14012A   24187.94030093 -.00000086  00000-0  00000-0 0  9993
2 39620  65.6666 337.9989 0010886 325.4712  34.4474  2.13103201 80087
0 NAVSTAR 70 (USA 251)
1 39741U 14026A   24188.98419433 -.00000105  00000-0  00000+0 0  9997
2 39741  56.7097 359.1006 0030888 316.3536  43.4093  2.00567030 74285
0 COSMOS 2500 (GLONASS)
1 40001U 14032A   24188.58868080 -.00000084  00000-0  00000-0 0  9994
2 40001  65.6036 337.7808 0006876 186.9369 173.0437  2.13106011 78317
0 NAVSTAR 71 (USA 256)
1 40105U 14045A   24189.07738406 -.00000027  00000-0  00000+0 0  9992
2 40105  54.9387 116.8140 0026243 114.8263 245.4299  2.00567755 72721
0 GALILEO 5 (261)
1 40128U 14050A   24188.49113454 -.00000092  00000-0  00000-0 0  9991
2 40128  49.6397 302.2888 1612072 152.0120 217.7162  1.85519543 65138
0 GALILEO 6 (262)
1 40129U 14050B   24188.21036770 -.00000091  00000-0  00000-0 0  9996
2 40129  49.6571 301.3771 1610909 152.8009 216.6766  1.85520190 67292
0 NAVSTAR 72 (USA 258)
1 40294U 14068A   24188.45213114 -.00000066  00000-0  00000-0 0  9995
2 40294  56.4370  58.4884 0054474  62.9384 297.6829  2.00561098 70954
0 COSMOS 2501 (GLONASS)
1 40315U 14075A   24186.96510110  .00000082  00000-0  00000-0 0  9994
2 40315  63.6219 215.0580 0020996 211.3395 148.6072  2.13101464 74677
0 NAVSTAR 73 (USA 260)
1 40534U 15013A   24188.58262774  .00000037  00000-0  00000-0 0  9990
2 40534  53.3374 233.5936 0088086  29.7606 330.8222  2.00564300 67579
0 NAVSTAR 74 (USA 262)
1 40730U 15033A   24188.74445054 -.00000062  00000-0  00000-0 0  9991
2 40730  54.5785 296.2580 0094075  19.7808 340.6060  2.00566023 65745
0 BD-18
1 40748U 15037A   24187.85639015 -.00000109  00000-0  00000-0 0  9999
2 40748  55.4643 326.4008 0009195 245.3113 114.5793  1.86233248 60876
0 BD-19
1 40749U 15037B   24187.59019290 -.00000110  00000-0  00000+0 0  9999
2 40749  55.4670 326.3960 0002626 348.4370  11.5426  1.86227603 60861
0 NAVSTAR 75 (USA 265)
1 41019U 15062A   24188.80384026 -.00000065  00000-0  00000+0 0  9994
2 41019  56.4175  58.3279 0095537 224.8117 134.4769  2.00562521 63582
0 BD-21
1 41315U 16006A   24188.64164537 -.00000052  00000-0  00000-0 0  9994
2 41315  56.0939  87.1535 0003595 284.9010  75.0943  1.86231280 57363
0 NAVSTAR 76 (USA 266)
1 41328U 16007A   24188.38563499 -.00000033  00000-0  00000-0 0  9999
2 41328  55.1332 117.6882 0079879 238.9231 120.2702  2.00561008 61586
0 COSMOS 2514 (GLONASS)
1 41330U 16008A   24187.88601910 -.00000086  00000-0  00000-0 0  9996
2 41330  65.3985 337.3092 0010415 200.5478 159.3999  2.13102677 65468
0 COSMOS 2516 (GLONASS)
1 41554U 16032A   24188.46187525  .00000063  00000-0  00000-0 0  9991
2 41554  63.8485 215.4927 0016263 213.8819 146.0809  2.13106446 63087
0 COSMOS 2522 (GLONASS)
1 42939U 17055A   24188.19565501  .00000067  00000-0  00000-0 0  9993
2 42939  64.0829 216.1168 0010323 241.1709 118.7946  2.13101962 52824
0 BEIDOU 3M1
1 43001U 17069A   24188.20583768 -.00000056  00000-0  00000-0 0  9995
2 43001  56.0772  86.6257 0009940 311.4460  48.5022  1.86231567 45360
0 BEIDOU 3M2
1 43002U 17069B   24186.53224648 -.00000069  00000-0  00000-0 0  9993
2 43002  56.0751  86.7178 0008463 336.1206  23.8635  1.86231003 45329
0 BEIDOU 3M3
1 43107U 18003A   24188.96589930 -.00000108  00000-0  00000+0 0  9998
2 43107  54.9215 326.9453 0004416  81.6896 278.3498  1.86232570 44135
0 BEIDOU 3M4
1 43108U 18003B   24187.29562820 -.00000112  00000-0  00000-0 0  9999
2 43108  54.9157 326.9882 0003017 247.3755 112.5781  1.86230975 44106
0 BEIDOU 3M5
1 43207U 18018A   24181.29350937 -.00000047  00000-0  00000-0 0  9990
2 43207  56.0307  86.9448 0006708   1.9650 358.0567  1.86231207 43371
0 BEIDOU 3M6
1 43208U 18018B   24187.26661061 -.00000064  00000-0  00000-0 0  9996
2 43208  56.0348  86.7496 0008075 326.0726  33.9033  1.86231326 43483
0 BEIDOU 3M7
1 43245U 18029A   24188.02456954 -.00000108  00000-0  00000-0 0  9996
2 43245  54.8045 324.6833 0000850 175.7846 184.2039  1.86232786 42653
0 BEIDOU 3M8
1 43246U 18029B   24188.49116278 -.00000107  00000-0  00000-0 0  9999
2 43246  54.8018 324.6955 0003190  20.6699 339.3320  1.86233032 42643
0 COSMOS 2527 (GLONASS)
1 43508U 18053A   24188.15477255 -.00000030  00000-0  00000+0 0  9999
2 43508  65.2108  97.6923 0007669 235.4132 124.5385  2.13102332 47127
0 BEIDOU 3M9
1 43581U 18062A   24188.17752650  .00000056  00000-0  00000-0 0  9995
2 43581  54.1321 206.4867 0005609 275.6305  84.3530  1.86228788 40399
0 BEIDOU 3M10
1 43582U 18062B   24185.89551434  .00000089  00000-0  00000-0 0  9995
2 43582  54.1318 206.5538 0004293 354.2922   5.7626  1.86229555 40351
0 BEIDOU 3M11
1 43602U 18067A   24185.82867086  .00000090  00000-0  00000-0 0  9991
2 43602  54.2223 205.2391 0006685  16.8968 343.1829  1.86231627 39839
0 BEIDOU 3M12
1 43603U 18067B   24185.96262447  .00000088  00000-0  00000-0 0  9994
2 43603  54.2195 205.1996 0003727 358.0826   1.9728  1.86231521 39869
0 BEIDOU 3M13
1 43622U 18072A   24185.38683426 -.00000075  00000-0  00000-0 0  9998
2 43622  56.0048  86.3392 0006671 311.8663  48.0953  1.86231557 39369
0 BEIDOU 3M14
1 43623U 18072B   24188.47403249 -.00000054  00000-0  00000+0 0  9991
2 43623  56.0087  86.2294 0005159 343.8719  16.1474  1.86231567 39411
0 BEIDOU 3M15
1 43647U 18078A   24188.09961627 -.00000108  00000-0  00000-0 0  9991
2 43647  54.7011 324.7782 0006637  23.8280 336.1905  1.86232297 38910
0 BEIDOU 3M16
1 43648U 18078B   24188.76573748 -.00000107  00000-0  00000-0 0  9998
2 43648  54.6964 324.7580 0003688  41.2550 318.7627  1.86232370 38942
0 COSMOS 2529 (GLONASS)
1 43687U 18086A   24188.25370330  .00000066  00000-0  00000-0 0  9999
2 43687  64.2983 216.6326 0011715 259.1770 100.7610  2.13102102 44133
0 BEIDOU 3M17
1 43706U 18093A   24188.37935866  .00000054  00000-0  00000-0 0  9990
2 43706  54.2149 206.4196 0010439 280.2492  79.6791  1.86228451 38309
0 BEIDOU 3M18
1 43707U 18093B   24188.24454981  .00000055  00000-0  00000-0 0  9992
2 43707  54.2157 206.4159 0008300 304.3253  55.6431  1.86229935 38296
0 NAVSTAR 77 (USA 289)
1 43873U 18109A   24188.78213157 -.00000027  00000-0  00000-0 0  9991
2 43873  55.3040 120.2537 0029187 194.6274 342.8390  2.00556999 40822
0 COSMOS 2534 (GLONASS)
1 44299U 19030A   24188.68023956  .00000061  00000-0  00000-0 0  9990
2 44299  64.3714 216.5733 0013542 278.3097 183.0915  2.13102294 39781
0 NAVSTAR 78 (USA 293)
1 44506U 19056A   24188.44926917 -.00000106  00000-0  00000-0 0  9993
2 44506  55.8410 359.3217 0043526 188.4916  11.2317  2.00572143 35817
0 BEIDOU 3M23
1 44542U 19061A   24188.31405796  .00000055  00000-0  00000+0 0  9993
2 44542  54.4424 206.7122 0007873 341.5126  18.5060  1.86229160 32551
0 BEIDOU 3M24
1 44543U 19061B   24188.54872117  .00000052  00000-0  00000-0 0  9992
2 44543  54.4408 206.6729 0005543 319.8045 109.8778  1.86231780 32568
0 BEIDOU 3M21
1 44793U 19078A   24186.01203673 -.00000112  00000-0  00000-0 0  9990
2 44793  54.5506 324.7804 0005679  33.5021 326.5187  1.86232212 31365
0 BEIDOU 3M22
1 44794U 19078B   24188.28958050 -.00000108  00000-0  00000-0 0  9993
2 44794  54.5224 324.6770 0003442  31.7810 328.2283  1.86232726 31418
0 COSMOS 2544 (GLONASS)
1 44850U 19088A   24188.56808207 -.00000026  00000-0  00000+0 0  9994
2 44850  65.1974  97.5152 0012906 258.8683 101.0135  2.13102158 35554
0 BEIDOU 3M19
1 44864U 19090A   24186.67888961 -.00000069  00000-0  00000-0 0  9995
2 44864  55.9403  86.4658 0017219 285.6635 267.2122  1.86231768 30968
0 BEIDOU 3M20
1 44865U 19090B   24187.66798755 -.00000061  00000-0  00000-0 0  9999
2 44865  55.9427  86.4661 0015268 299.7639 285.9817  1.86231734 30962
0 COSMOS 2545 (GLONASS)
1 45358U 20018A   24187.35719257 -.00000088  00000-0  00000-0 0  9994
2 45358  64.7386 337.3232 0008148 235.1092 124.8039  2.13102581 33496
0 NAVSTAR 79 (USA 304)
1 45854U 20041A   24188.80863642 -.00000067  00000-0  00000-0 0  9997
2 45854  56.1392  56.6556 0043993 192.9561 201.0838  2.00573427 29797
0 COSMOS 2547 (GLONASS)
1 46805U 20075A   24188.01366731  .00000070  00000-0  00000-0 0  9994
2 46805  64.6003 216.2430 0008945 241.6204 118.3598  2.13103080 28752
0 NAVSTAR 80 (USA 309)
1 46826U 20078A   24188.36368230  .00000035  00000-0  00000-0 0  9995
2 46826  54.1734 239.6290 0047398 197.6462 213.3893  2.00560240 27253
0 NAVSTAR 81 (USA 319)
1 48859U 21054A   24188.53721089 -.00000106  00000-0  00000-0 0  9992
2 48859  55.3664   0.9607 0015649 218.3836 142.3913  2.00557048 22506
0 COSMOS 2557 (GLONASS)
1 52984U 22075A   24188.64800024 -.00000086  00000-0  00000-0 0  9996
2 52984  64.6648 339.4066 0010747 278.3908  81.4784  2.13102225 15579
0 COSMOS 2559 (GLONASS)
1 54031U 22130A   24188.59094914 -.00000086  00000-0  00000-0 0  9990
2 54031  64.6367 339.5255 0006112 212.3399 147.6139  2.13101551 13541
0 COSMOS 2564 (GLONASS)
1 54377U 22161A   24187.84343197  .00000072  00000-0  00000-0 0  9998
2 54377  64.7416 216.3568 0011530 225.1583 134.8193  2.13102160 12472
0 NAVSTAR 82 (USA 343)
1 55268U 23009A   24188.72607678  .00000029  00000-0  00000-0 0  9997
2 55268  55.0883 176.4011 0000687  83.2911  96.7786  2.00563085 10993
0 COSMOS 2569 (GLONASS)
1 57517U 23114A   24187.39128350 -.00000038  00000-0  00000-0 0  9991
2 57517  64.9239  96.6975 0010882 298.0266  61.8846  2.13103767  7093
0 BEIDOU-3 M25
1 58654U 23207A   24188.37241075 -.00000057  00000-0  00000-0 0  9997
2 58654  55.1245  86.4123 0002428 315.7970  44.2173  1.86232389  3606
0 BEIDOU-3 M26
1 58655U 23207B   24188.17140825 -.00000058  00000-0  00000-0 0  9998
2 58655  55.1263  86.4045 0002718 283.0140  76.9882  1.86232008  3582
0 ZHIHUI TIANWANG-1 01A
1 59705U 24087A   24184.17040650  .00000098  00000-0  00000-0 0  9996
2 59705  53.1484 200.0388 0006277 222.0838 137.9184  2.00566164   969
0 ZHIHUI TIANWANG-1 01B
1 59706U 24087B   24186.16807942  .00000075  00000-0  00000-0 0  9998
2 59706  53.1481 199.9549 0006077 229.5129 130.4784  2.00558703   655
